
ODGC_courses_HC_list    base54HC LmacBlue  LmacYellow Almonte_blue   Kanata   Mountain  KvYel KvBlue KvRed Shire Franktown Camp_Fortune
Atos_Mark   11.41   11.42   11.73   11.62   10.15   13.86   12.90   12.39   11.40   11.35   11.40   11.58
Beard_Greg   11.43   11.44   11.75   11.63   10.17   13.88   12.92   12.41   11.42   11.37   11.42   11.60
Beck_David   11.93   11.94   12.26   12.14   10.61   14.49   13.48   12.95   11.92   11.87   11.92   12.10
Chyzyk_Austen   2.81   2.81   2.89   2.86   2.50   3.41   3.17   3.05   2.80   2.79   2.80   2.85
Chyzyk_Kasia   20.04   20.06   20.61   20.40   17.83   24.35   22.66   21.76   20.02   19.94   20.02   20.34
Clavel_Stephanie   20.25   20.27   20.82   20.61   18.02   24.60   22.90   21.99   20.23   20.15   20.23   20.55
Cooper_Ian   14.41   14.42   14.81   14.66   12.82   17.50   16.29   15.64   14.39   14.33   14.39   14.62
Corey_Andy   7.32   7.33   7.53   7.45   6.52   8.90   8.28   7.95   7.32   7.29   7.32   7.43
Cox_Brenda   17.98   17.99   18.48   18.30   15.99   21.84   20.32   19.52   17.96   17.88   17.96   18.24
Darcovich_Ken   3.79   3.79   3.90   3.86   3.37   4.61   4.29   4.12   3.79   3.77   3.79   3.85
Donovan_Lee   12.69   12.70   13.04   12.91   11.29   15.41   14.34   13.78   12.67   12.62   12.67   12.87
Dorion_John   17.32   17.34   17.81   17.63   15.41   21.04   19.58   18.81   17.31   17.23   17.31   17.58
Dotto_Karen   27.87   27.89   28.65   28.36   24.79   33.85   31.50   30.26   27.84   27.72   27.84   28.28
Dotto_Laurie   4.29   4.29   4.41   4.37   3.82   5.21   4.85   4.66   4.29   4.27   4.29   4.35
Ellis_Adam   7.98   7.98   8.20   8.12   7.10   9.69   9.02   8.66   7.97   7.93   7.97   8.09
Gillard_Logan   5.22   5.23   5.37   5.32   4.65   6.35   5.91   5.67   5.22   5.20   5.22   5.30
Gozdowski_Troy   9.79   9.79   10.06   9.96   8.71   11.89   11.06   10.63   9.78   9.74   9.78   9.93
Guthrie_Brian   11.23   11.24   11.54   11.43   9.99   13.64   12.69   12.19   11.22   11.17   11.22   11.40
Gyre_Pier-Luc   11.82   11.83   12.16   12.03   10.52   14.36   13.37   12.84   11.81   11.76   11.81   12.00
Hosmar_Chris   4.71   4.72   4.85   4.80   4.19   5.73   5.33   5.12   4.71   4.69   4.71   4.78
Houle_Mario   4.30   4.30   4.42   4.38   3.83   5.22   4.86   4.67   4.30   4.28   4.30   4.36
Ivanchenko_Alexey   14.00   14.01   14.39   14.25   12.45   17.00   15.82   15.20   13.98   13.92   13.98   14.20
Joss_Jamie   13.81   13.82   14.20   14.06   12.29   16.78   15.61   15.00   13.80   13.74   13.80   14.02
Kudinov_Yuriy   13.34   13.35   13.72   13.58   11.87   16.21   15.08   14.49   13.33   13.27   13.33   13.54
Lane_Don   18.85   18.86   19.38   19.18   16.77   22.90   21.31   20.47   18.83   18.75   18.83   19.13
Lange_Ken   9.38   9.39   9.64   9.54   8.34   11.39   10.60   10.18   9.37   9.33   9.37   9.52
Lay_Chris   0.31   0.31   0.32   0.31   0.27   0.37   0.35   0.33   0.31   0.31   0.31   0.31
L'Esperance_Pat   11.15   11.16   11.46   11.35   9.92   13.55   12.61   12.11   11.14   11.09   11.14   11.32
Linthorne_Jarred   6.38   6.39   6.56   6.50   5.68   7.75   7.22   6.93   6.38   6.35   6.38   6.48
MacGillivary_Brian   13.06   13.07   13.42   13.29   11.62   15.86   14.76   14.18   13.04   12.99   13.04   13.25
MacGillivary_Marie   28.37   28.39   29.17   28.87   25.24   34.46   32.07   30.80   28.34   28.22   28.34   28.79
Mainville_Jacob   0.15   0.15   0.16   0.16   0.14   0.19   0.17   0.17   0.15   0.15   0.15   0.16
McCormick_Mike   15.36   15.37   15.79   15.63   13.66   18.66   17.36   16.68   15.35   15.28   15.35   15.59
McDonald_Colin   1.99   1.99   2.05   2.03   1.77   2.42   2.25   2.16   1.99   1.98   1.99   2.02
McDonald_Dylan   0.00   0.00   0.00   0.00   0.00   0.00   0.00   0.00   0.00   0.00   0.00   0.00
McLeod_David   12.27   12.28   12.61   12.49   10.91   14.90   13.87   13.32   12.26   12.21   12.26   12.45
Melançon_Errol   11.83   11.84   12.16   12.04   10.52   14.37   13.37   12.84   11.82   11.76   11.82   12.00
Milks_Dave   1.85   1.85   1.90   1.88   1.64   2.24   2.09   2.00   1.84   1.84   1.84   1.87
Munoz_Manny   9.77   9.78   10.05   9.94   8.69   11.87   11.05   10.61   9.76   9.72   9.76   9.92
Mussell_Ryan   7.96   7.96   8.18   8.10   7.08   9.67   9.00   8.64   7.95   7.92   7.95   8.07
O'Neil_Colin   15.89   15.90   16.34   16.18   14.14   19.31   17.97   17.26   15.88   15.81   15.88   16.13
Oosterhoff_Jacob   9.43   9.43   9.69   9.59   8.39   11.45   10.66   10.24   9.42   9.38   9.42   9.57
Penton_Geoff   3.17   3.17   3.26   3.23   2.82   3.85   3.58   3.44   3.17   3.15   3.17   3.22
Pigeon_Markis   16.20   16.21   16.65   16.49   14.41   19.68   18.31   17.59   16.18   16.11   16.18   16.44
Reitlingshoefer_Claus   9.92   9.92   10.20   10.09   8.82   12.05   11.21   10.77   9.91   9.86   9.91   10.06
Rowland_Geoff   9.45   9.46   9.72   9.62   8.41   11.48   10.68   10.26   9.44   9.40   9.44   9.59
Sider_Dietrich   15.39   15.40   15.82   15.66   13.69   18.69   17.40   16.71   15.37   15.31   15.37   15.62
Silianu_Daniel   3.37   3.37   3.47   3.43   3.00   4.09   3.81   3.66   3.37   3.35   3.37   3.42
Sivyer_Stacie   23.18   23.20   23.84   23.60   20.63   28.17   26.21   25.18   23.16   23.06   23.16   23.53
Starchuk_Trevor   10.00   10.01   10.28   10.18   8.90   12.15   11.30   10.86   9.99   9.95   9.99   10.15
Svetkoff_Ben   24.51   24.53   25.20   24.95   21.81   29.78   27.71   26.62   24.49   24.39   24.49   24.88
Tremblay_François   18.58   18.60   19.11   18.91   16.53   22.58   21.01   20.18   18.57   18.49   18.57   18.86
Vallee_Andrew   10.79   10.79   11.09   10.98   9.60   13.10   12.19   11.71   10.78   10.73   10.78   10.95
Visser_Cameron   22.69   22.70   23.32   23.09   20.18   27.56   25.65   24.63   22.66   22.57   22.66   23.02
Visser_Carl   4.44   4.44   4.56   4.52   3.95   5.39   5.02   4.82   4.43   4.41   4.43   4.50
Waithe_Dave   15.04   15.05   15.46   15.31   13.38   18.27   17.00   16.33   15.03   14.96   15.03   15.26
Wormald_Rob   9.07   9.07   9.32   9.23   8.07   11.01   10.25   9.85   9.06   9.02   9.06   9.20
