ODGC_courses_HC_list    base54HC LmacBlue  LmacYellow Almonte_Blue  Almonte_Yellow  Kanata   Mountain  KvYel KvBlue KvRed Shire Franktown Camp_Fortune Sandy_Row
Abthorpe_Dan   10.00   10.00   10.28   10.17   11.08   8.89   12.14   11.30   10.86   9.99   9.94   9.99   10.14   0.00
Adams_Mike   7.23   7.24   7.43   7.36   8.02   6.43   8.78   8.17   7.85   7.22   7.19   7.22   7.34   0.00
Ainsworth_Terry   13.66   13.67   14.05   13.90   15.15   12.15   16.60   15.45   14.84   13.65   13.59   13.65   13.86   0.00
Alexander_Ken   3.39   3.39   3.48   3.45   3.76   3.01   4.12   3.83   3.68   3.38   3.37   3.38   3.44   0.00
Arnot_Cameron   14.21   14.22   14.61   14.46   15.76   12.64   17.26   16.07   15.43   14.20   14.14   14.20   14.42   0.00
Atos_Allysha   21.92   21.94   22.54   22.31   24.31   19.50   26.63   24.78   23.80   21.90   21.81   21.90   22.24   0.00
Atos_Mark   11.41   11.42   11.73   11.62   12.66   10.15   13.86   12.90   12.39   11.40   11.35   11.40   11.58   0.00
Baird_Drake   11.71   11.72   12.04   11.92   12.99   10.42   14.23   13.24   12.72   11.70   11.65   11.70   11.89   0.00
Beard_Greg   11.43   11.44   11.75   11.63   12.67   10.17   13.88   12.92   12.41   11.42   11.37   11.42   11.60   0.00
Beaudoin_Chris   6.67   6.68   6.86   6.79   7.40   5.94   8.11   7.54   7.25   6.67   6.64   6.67   6.77   0.00
Becanic_Corey   19.40   19.41   19.95   19.75   21.51   17.26   23.57   21.93   21.07   19.38   19.30   19.38   19.69   0.00
Beck_David   11.93   11.94   12.26   12.14   13.23   10.61   14.49   13.48   12.95   11.92   11.87   11.92   12.10   0.00
Berenbaum_Matt   18.69   18.71   19.22   19.03   20.73   16.63   22.71   21.14   20.30   18.68   18.60   18.68   18.97   0.00
Bourne_Chris   6.25   6.25   6.42   6.36   6.93   5.56   7.59   7.06   6.78   6.24   6.21   6.24   6.34   0.00
Briggs_Ryan   11.20   11.21   11.52   11.40   12.42   9.97   13.61   12.67   12.17   11.19   11.14   11.19   11.37   0.00
Chyzyk_Austen   2.81   2.81   2.89   2.86   3.11   2.50   3.41   3.17   3.05   2.80   2.79   2.80   2.85   0.00
Chyzyk_Kasia   20.04   20.06   20.61   20.40   22.22   17.83   24.35   22.66   21.76   20.02   19.94   20.02   20.34   0.00
Clavel_Stephanie   20.25   20.27   20.82   20.61   22.46   18.02   24.60   22.90   21.99   20.23   20.15   20.23   20.55   0.00
Cooper_Ian   14.41   14.42   14.81   14.66   15.98   12.82   17.50   16.29   15.64   14.39   14.33   14.39   14.62   0.00
Corey_Andy   7.32   7.33   7.53   7.45   8.12   6.52   8.90   8.28   7.95   7.32   7.29   7.32   7.43   0.00
Correia_Justin   7.07   7.08   7.27   7.20   7.84   6.29   8.59   8.00   7.68   7.07   7.04   7.07   7.18   0.00
Cox_Brenda   17.98   17.99   18.48   18.30   19.93   15.99   21.84   20.32   19.52   17.96   17.88   17.96   18.24   0.00
Darcovich_Alex   14.72   14.73   15.14   14.98   16.33   13.10   17.89   16.64   15.99   14.71   14.65   14.71   14.94   0.00
Darcovich_Ken   3.79   3.79   3.90   3.86   4.20   3.37   4.61   4.29   4.12   3.79   3.77   3.79   3.85   0.00
Donovan_Lee   12.69   12.70   13.04   12.91   14.07   11.29   15.41   14.34   13.78   12.67   12.62   12.67   12.87   0.00
Dorion_John   17.32   17.34   17.81   17.63   19.21   15.41   21.04   19.58   18.81   17.31   17.23   17.31   17.58   0.00
Dotto_Karen   27.87   27.89   28.65   28.36   30.90   24.79   33.85   31.50   30.26   27.84   27.72   27.84   28.28   0.00
Dotto_Laurie   4.29   4.29   4.41   4.37   4.76   3.82   5.21   4.85   4.66   4.29   4.27   4.29   4.35   0.00
Ellis_Adam   7.98   7.98   8.20   8.12   8.84   7.10   9.69   9.02   8.66   7.97   7.93   7.97   8.09   0.00
Fortin_Vivianne   12.12   12.13   12.46   12.33   13.44   10.78   14.72   13.70   13.16   12.11   12.05   12.11   12.30   0.00
Gillard_Logan   5.22   5.23   5.37   5.32   5.79   4.65   6.35   5.91   5.67   5.22   5.20   5.22   5.30   0.00
Gozdowski_Troy   9.79   9.79   10.06   9.96   10.85   8.71   11.89   11.06   10.63   9.78   9.74   9.78   9.93   0.00
Guthrie_Brian   11.23   11.24   11.54   11.43   12.45   9.99   13.64   12.69   12.19   11.22   11.17   11.22   11.40   0.00
Gyre_Pier-Luc   11.82   11.83   12.16   12.03   13.11   10.52   14.36   13.37   12.84   11.81   11.76   11.81   12.00   0.00
Haggert_Angelica   21.52   21.53   22.12   21.90   23.86   19.14   26.14   24.33   23.37   21.50   21.41   21.50   21.84   0.00
Hosmar_Chris   4.71   4.72   4.85   4.80   5.23   4.19   5.73   5.33   5.12   4.71   4.69   4.71   4.78   0.00
Houle_Mario   4.30   4.30   4.42   4.38   4.77   3.83   5.22   4.86   4.67   4.30   4.28   4.30   4.36   0.00
Ide_Tetsuro   4.57   4.58   4.70   4.65   5.07   4.07   5.55   5.17   4.96   4.57   4.55   4.57   4.64   0.00
Ivanchenko_Alexey   14.00   14.01   14.39   14.25   15.52   12.45   17.00   15.82   15.20   13.98   13.92   13.98   14.20   0.00
Joss_Jamie   13.81   13.82   14.20   14.06   15.31   12.29   16.78   15.61   15.00   13.80   13.74   13.80   14.02   0.00
Kaarid_Tristan   8.91   8.92   9.16   9.07   9.88   7.93   10.83   10.08   9.68   8.90   8.87   8.90   9.04   0.00
Kudinov_Yuriy   13.34   13.35   13.72   13.58   14.79   11.87   16.21   15.08   14.49   13.33   13.27   13.33   13.54   0.00
Lane_Don   18.85   18.86   19.38   19.18   20.90   16.77   22.90   21.31   20.47   18.83   18.75   18.83   19.13   0.00
Lange_Ken   9.38   9.39   9.64   9.54   10.40   8.34   11.39   10.60   10.18   9.37   9.33   9.37   9.52   0.00
Lay_Chris   0.31   0.31   0.32   0.31   0.34   0.27   0.37   0.35   0.33   0.31   0.31   0.31   0.31   0.00
Lebrun_Jon   2.28   2.28   2.34   2.32   2.52   2.02   2.76   2.57   2.47   2.27   2.26   2.27   2.31   0.00
L'Esperance_Pat   11.15   11.16   11.46   11.35   12.36   9.92   13.55   12.61   12.11   11.14   11.09   11.14   11.32   0.00
Linthorne_Jarred   6.38   6.39   6.56   6.50   7.08   5.68   7.75   7.22   6.93   6.38   6.35   6.38   6.48   0.00
MacGillivary_Brian   13.06   13.07   13.42   13.29   14.48   11.62   15.86   14.76   14.18   13.04   12.99   13.04   13.25   0.00
MacGillivary_Marie   28.37   28.39   29.17   28.87   31.46   25.24   34.46   32.07   30.80   28.34   28.22   28.34   28.79   0.00
Mainville_Jacob   0.15   0.15   0.16   0.16   0.17   0.14   0.19   0.17   0.17   0.15   0.15   0.15   0.16   0.00
Maria_Adam   7.06   7.07   7.26   7.19   7.83   6.28   8.58   7.98   7.67   7.06   7.03   7.06   7.17   0.00
Martel_Sebastien   7.19   7.20   7.39   7.32   7.98   6.40   8.74   8.13   7.81   7.19   7.16   7.19   7.30   0.00
McCormick_Mike   15.36   15.37   15.79   15.63   17.03   13.66   18.66   17.36   16.68   15.35   15.28   15.35   15.59   0.00
McDonald_Colin   1.99   1.99   2.05   2.03   2.21   1.77   2.42   2.25   2.16   1.99   1.98   1.99   2.02   0.00
McDonald_Dylan   0.00   0.00   0.00   0.00   0.00   0.00   0.00   0.00   0.00   0.00   0.00   0.00   0.00   0.00
McDonald_Sarah   23.92   23.94   24.60   24.35   26.53   21.28   29.06   27.05   25.98   23.90   23.80   23.90   24.28   0.00
McKinty_Adam   12.78   12.79   13.14   13.01   14.18   11.37   15.53   14.45   13.88   12.77   12.72   12.77   12.97   0.00
McLeod_David   12.27   12.28   12.61   12.49   13.61   10.91   14.90   13.87   13.32   12.26   12.21   12.26   12.45   0.00
Melançon_Errol   11.83   11.84   12.16   12.04   13.11   10.52   14.37   13.37   12.84   11.82   11.76   11.82   12.00   0.00
Milks_Dave   1.85   1.85   1.90   1.88   2.05   1.64   2.24   2.09   2.00   1.84   1.84   1.84   1.87   0.00
Munoz_Manny   9.77   9.78   10.05   9.94   10.83   8.69   11.87   11.05   10.61   9.76   9.72   9.76   9.92   0.00
Mussell_Ryan   7.96   7.96   8.18   8.10   8.82   7.08   9.67   9.00   8.64   7.95   7.92   7.95   8.07   0.00
O'Neil_Colin   15.89   15.90   16.34   16.18   17.62   14.14   19.31   17.97   17.26   15.88   15.81   15.88   16.13   0.00
Oosterhoff_Jacob   9.43   9.43   9.69   9.59   10.45   8.39   11.45   10.66   10.24   9.42   9.38   9.42   9.57   0.00
Pengelly_Arthur   9.14   9.15   9.40   9.31   10.14   8.13   11.11   10.34   9.93   9.14   9.10   9.14   9.28   0.00
Penny_Brian   26.75   26.76   27.50   27.22   29.66   23.79   32.49   30.24   29.04   26.72   26.61   26.72   27.14   0.00
Penton_Geoff   3.17   3.17   3.26   3.23   3.51   2.82   3.85   3.58   3.44   3.17   3.15   3.17   3.22   0.00
Penton_Max   14.65   14.66   15.07   14.91   16.25   13.04   17.80   16.57   15.91   14.64   14.58   14.64   14.87   0.00
Phillips_Dan   10.91   10.92   11.22   11.10   12.10   9.70   13.25   12.33   11.85   10.90   10.85   10.90   11.07   0.00
Pigeon_Markis   16.20   16.21   16.65   16.49   17.96   14.41   19.68   18.31   17.59   16.18   16.11   16.18   16.44   0.00
Reitlingshoefer_Claus   9.92   9.92   10.20   10.09   11.00   8.82   12.05   11.21   10.77   9.91   9.86   9.91   10.06   0.00
Robinson_Jessie   16.09   16.10   16.54   16.37   17.84   14.31   19.54   18.19   17.47   16.07   16.01   16.07   16.33   0.00
Robinson_Jim   18.75   18.77   19.28   19.09   20.79   16.68   22.78   21.20   20.36   18.73   18.65   18.73   19.03   0.00
Rowland_Geoff   9.45   9.46   9.72   9.62   10.48   8.41   11.48   10.68   10.26   9.44   9.40   9.44   9.59   0.00
Sider_Dietrich   15.39   15.40   15.82   15.66   17.06   13.69   18.69   17.40   16.71   15.37   15.31   15.37   15.62   0.00
Silianu_Daniel   3.37   3.37   3.47   3.43   3.74   3.00   4.09   3.81   3.66   3.37   3.35   3.37   3.42   0.00
Sivyer_Stacie   23.18   23.20   23.84   23.60   25.71   20.63   28.17   26.21   25.18   23.16   23.06   23.16   23.53   0.00
Starchuk_Trevor   10.00   10.01   10.28   10.18   11.09   8.90   12.15   11.30   10.86   9.99   9.95   9.99   10.15   0.00
Steckley_Joe   14.51   14.52   14.92   14.77   16.09   12.91   17.63   16.40   15.76   14.50   14.43   14.50   14.72   0.00
Svetkoff_Ben   24.51   24.53   25.20   24.95   27.18   21.81   29.78   27.71   26.62   24.49   24.39   24.49   24.88   0.00
Tremblay_François   18.58   18.60   19.11   18.91   20.61   16.53   22.58   21.01   20.18   18.57   18.49   18.57   18.86   0.00
Vallee_Andrew   10.79   10.79   11.09   10.98   11.96   9.60   13.10   12.19   11.71   10.78   10.73   10.78   10.95   0.00
Vinet_Eric   4.67   4.67   4.80   4.75   5.17   4.15   5.67   5.28   5.07   4.66   4.64   4.66   4.74   0.00
Visser_Cameron   22.69   22.70   23.32   23.09   25.16   20.18   27.56   25.65   24.63   22.66   22.57   22.66   23.02   0.00
Visser_Carl   4.44   4.44   4.56   4.52   4.92   3.95   5.39   5.02   4.82   4.43   4.41   4.43   4.50   0.00
Waithe_Dave   15.04   15.05   15.46   15.31   16.68   13.38   18.27   17.00   16.33   15.03   14.96   15.03   15.26   0.00
Wormald_Rob   9.07   9.07   9.32   9.23   10.05   8.07   11.01   10.25   9.85   9.06   9.02   9.06   9.20   0.00
